#!/usr/bin
# -*- coding: utf-8 -*-

[mysql] # mysql 配置信息
rrs_aml = 10.107.96.144,3306,rrs_aml,rrs_aml_wbap,Aml@0119@_#,utf8
aml_uat = 10.107.108.200,3306,aml_uat,aml_uat,goodDrink_**@,utf8
rirr_sit = 10.107.100.145,3306,rirr_sit,rirr,Rate@3423,utf8
aml_new3 = 10.107.108.200,3306,aml_new3,rrs_aml_wbap,Aml@0119@_#,utf8
fx = 10.107.97.202,3306,aml_new3,rrs_aml_wbap,Aml@0119@_#,utf8
rrs_test_dev = 10.107.108.200,3306,rrs_test_dev,rrs_test_dev,Rrs@2022,utf8

[tidb] # tidb 配置信息
aml_new3 = 10.108.134.242,5000,aml_new3,rrs_aml_wbap,2024@rrs_aml_wbap,utf8